3000000.000000 2.000000 2.074800 3680691983.054651 349473750.688467
3500000.000000 2.000000 2.023600 1306923152.543132 141551312.115919
4000000.000000 2.000000 2.003400 619584006.930117 87713686.562051
4500000.000000 2.000000 2.000000 347026456.720269 59935929.639333
5000000.000000 2.000000 2.013000 213674244.796733 38950121.848309
5500000.000000 2.000000 2.005600 110972386.580703 31065590.820310
6000000.000000 2.000000 2.000000 71325765.949897 21541147.743092
6500000.000000 2.000000 2.000000 80811762.821153 18182123.338538
7000000.000000 2.000000 2.000000 51503088.420957 12884532.379459
7500000.000000 2.000000 2.000000 48740409.643048 6343477.818038
8000000.000000 2.000000 2.000000 17499806.543185 1739640.670926
8500000.000000 2.000000 2.000000 150.247735 0.000108
