0.010000 521.460727 100000000000.000000
0.015849 523.919598 100000000000.000000
0.025119 527.910260 100000000000.000000
0.039811 534.475976 100000000000.000000
0.063096 545.553344 100000000000.000000
0.100000 565.075198 100000000000.000000
0.158489 602.409373 100000000000.000000
0.251189 687.302522 100000000000.000000
0.398107 976.867919 100000000000.000000
0.630957 2664.628641 100000000000.000000
1.000000 17247.477331 27631613784.546398
1.584893 48052 10000000
2.511886 8399300000 10
3.981072 0.000000 0.000000
6.309573 0.000000 0.000000
10.000000 0.000000 0.000000
